dim 20 20 2
putvoxel 2 6 0 0 0 0 1
putvoxel 2 7 0 0 0 0 1
putvoxel 2 8 0 0 0 0 1
putvoxel 2 9 0 0 0 0 1
putvoxel 2 10 0 0 0 0 1
putvoxel 2 17 0 0 0 0 1
putvoxel 2 18 0 0 0 0 1
putvoxel 3 5 0 0 0 0 1
putvoxel 3 6 0 0 0 0 1
putvoxel 3 7 0 0.964706 0.537255 0.0509804 1
putvoxel 3 8 0 0.964706 0.537255 0.0509804 1
putvoxel 3 9 0 0.964706 0.537255 0.0509804 1
putvoxel 3 10 0 0.964706 0.537255 0.0509804 1
putvoxel 3 11 0 0 0 0 1
putvoxel 3 16 0 0 0 0 1
putvoxel 3 17 0 0.541176 0.886275 0.203922 1
putvoxel 3 18 0 0.541176 0.886275 0.203922 1
putvoxel 3 19 0 0 0 0 1
putvoxel 4 4 0 0 0 0 1
putvoxel 4 5 0 0.964706 0.537255 0.0509804 1
putvoxel 4 6 0 0.964706 0.537255 0.0509804 1
putvoxel 4 7 0 0.964706 0.537255 0.0509804 1
putvoxel 4 8 0 0.964706 0.537255 0.0509804 1
putvoxel 4 9 0 0.964706 0.537255 0.0509804 1
putvoxel 4 10 0 0.964706 0.537255 0.0509804 1
putvoxel 4 11 0 0.964706 0.537255 0.0509804 1
putvoxel 4 12 0 0 0 0 1
putvoxel 4 15 0 0 0 0 1
putvoxel 4 16 0 0.541176 0.886275 0.203922 1
putvoxel 4 17 0 0.541176 0.886275 0.203922 1
putvoxel 4 18 0 0.541176 0.886275 0.203922 1
putvoxel 4 19 0 0 0 0 1
putvoxel 5 5 0 0 0 0 1
putvoxel 5 6 0 0.964706 0.537255 0.0509804 1
putvoxel 5 7 0 0.964706 0.537255 0.0509804 1
putvoxel 5 8 0 0.964706 0.537255 0.0509804 1
putvoxel 5 9 0 0 0 0 1
putvoxel 5 10 0 0.964706 0.537255 0.0509804 1
putvoxel 5 11 0 0.964706 0.537255 0.0509804 1
putvoxel 5 12 0 0.964706 0.537255 0.0509804 1
putvoxel 5 13 0 0 0 0 1
putvoxel 5 15 0 0 0 0 1
putvoxel 5 16 0 0.541176 0.886275 0.203922 1
putvoxel 5 17 0 0.541176 0.886275 0.203922 1
putvoxel 5 18 0 0.541176 0.886275 0.203922 1
putvoxel 5 19 0 0 0 0 1
putvoxel 6 6 0 0 0 0 1
putvoxel 6 7 0 0.964706 0.537255 0.0509804 1
putvoxel 6 8 0 0 0 0 1
putvoxel 6 9 0 0.964706 0.537255 0.0509804 1
putvoxel 6 10 0 0.964706 0.537255 0.0509804 1
putvoxel 6 11 0 0.964706 0.537255 0.0509804 1
putvoxel 6 12 0 0.964706 0.537255 0.0509804 1
putvoxel 6 13 0 0 0 0 1
putvoxel 6 15 0 0 0 0 1
putvoxel 6 16 0 0.541176 0.886275 0.203922 1
putvoxel 6 17 0 0.541176 0.886275 0.203922 1
putvoxel 6 18 0 0.541176 0.886275 0.203922 1
putvoxel 6 19 0 0 0 0 1
putvoxel 7 5 0 0 0 0 1
putvoxel 7 6 0 0.964706 0.537255 0.0509804 1
putvoxel 7 7 0 0.964706 0.537255 0.0509804 1
putvoxel 7 8 0 0 0 0 1
putvoxel 7 9 0 0.964706 0.537255 0.0509804 1
putvoxel 7 10 0 0.964706 0.537255 0.0509804 1
putvoxel 7 11 0 0.964706 0.537255 0.0509804 1
putvoxel 7 12 0 0.964706 0.537255 0.0509804 1
putvoxel 7 13 0 0.964706 0.537255 0.0509804 1
putvoxel 7 14 0 0 0 0 1
putvoxel 7 15 0 0 0 0 1
putvoxel 7 16 0 0 0 0 1
putvoxel 7 17 0 0.541176 0.886275 0.203922 1
putvoxel 7 18 0 0.541176 0.886275 0.203922 1
putvoxel 7 19 0 0 0 0 1
putvoxel 8 4 0 0 0 0 1
putvoxel 8 5 0 0.964706 0.537255 0.0509804 1
putvoxel 8 6 0 0.964706 0.537255 0.0509804 1
putvoxel 8 7 0 0.964706 0.537255 0.0509804 1
putvoxel 8 8 0 0.964706 0.537255 0.0509804 1
putvoxel 8 9 0 0 0 0 1
putvoxel 8 10 0 0.964706 0.537255 0.0509804 1
putvoxel 8 11 0 0.964706 0.537255 0.0509804 1
putvoxel 8 12 0 0.964706 0.537255 0.0509804 1
putvoxel 8 13 0 0.964706 0.537255 0.0509804 1
putvoxel 8 14 0 0 0 0 1
putvoxel 8 15 0 0 0 0 1
putvoxel 8 16 0 0 0 0 1
putvoxel 8 17 0 0 0 0 1
putvoxel 8 18 0 0 0 0 1
putvoxel 9 3 0 0 0 0 1
putvoxel 9 4 0 0.964706 0.537255 0.0509804 1
putvoxel 9 5 0 0.964706 0.537255 0.0509804 1
putvoxel 9 6 0 0.964706 0.537255 0.0509804 1
putvoxel 9 7 0 0.964706 0.537255 0.0509804 1
putvoxel 9 8 0 0.964706 0.537255 0.0509804 1
putvoxel 9 9 0 0.964706 0.537255 0.0509804 1
putvoxel 9 10 0 0.964706 0.537255 0.0509804 1
putvoxel 9 11 0 0.964706 0.537255 0.0509804 1
putvoxel 9 12 0 0.964706 0.537255 0.0509804 1
putvoxel 9 13 0 0.964706 0.537255 0.0509804 1
putvoxel 9 14 0 0 0 0 1
putvoxel 9 15 0 0.541176 0.886275 0.203922 1
putvoxel 9 16 0 0.541176 0.886275 0.203922 1
putvoxel 9 17 0 0.541176 0.886275 0.203922 1
putvoxel 9 18 0 0 0 0 1
putvoxel 10 3 0 0 0 0 1
putvoxel 10 4 0 0.964706 0.537255 0.0509804 1
putvoxel 10 5 0 0.964706 0.537255 0.0509804 1
putvoxel 10 6 0 0.964706 0.537255 0.0509804 1
putvoxel 10 7 0 0.964706 0.537255 0.0509804 1
putvoxel 10 8 0 0.964706 0.537255 0.0509804 1
putvoxel 10 9 0 0 0 0 1
putvoxel 10 10 0 0.964706 0.537255 0.0509804 1
putvoxel 10 11 0 0.964706 0.537255 0.0509804 1
putvoxel 10 12 0 0.964706 0.537255 0.0509804 1
putvoxel 10 13 0 0.964706 0.537255 0.0509804 1
putvoxel 10 14 0 0 0 0 1
putvoxel 10 15 0 0.541176 0.886275 0.203922 1
putvoxel 10 16 0 0.541176 0.886275 0.203922 1
putvoxel 10 17 0 0 0 0 1
putvoxel 10 18 0 0 0 0 1
putvoxel 11 4 0 0 0 0 1
putvoxel 11 5 0 0.964706 0.537255 0.0509804 1
putvoxel 11 6 0 0.964706 0.537255 0.0509804 1
putvoxel 11 7 0 0.964706 0.537255 0.0509804 1
putvoxel 11 8 0 0 0 0 1
putvoxel 11 9 0 0.964706 0.537255 0.0509804 1
putvoxel 11 10 0 0.964706 0.537255 0.0509804 1
putvoxel 11 11 0 0.964706 0.537255 0.0509804 1
putvoxel 11 12 0 0.964706 0.537255 0.0509804 1
putvoxel 11 13 0 0.964706 0.537255 0.0509804 1
putvoxel 11 14 0 0 0 0 1
putvoxel 11 15 0 0 0 0 1
putvoxel 11 16 0 0 0 0 1
putvoxel 11 17 0 0.541176 0.886275 0.203922 1
putvoxel 11 18 0 0.541176 0.886275 0.203922 1
putvoxel 11 19 0 0 0 0 1
putvoxel 12 5 0 0 0 0 1
putvoxel 12 6 0 0.964706 0.537255 0.0509804 1
putvoxel 12 7 0 0.964706 0.537255 0.0509804 1
putvoxel 12 8 0 0 0 0 1
putvoxel 12 9 0 0.964706 0.537255 0.0509804 1
putvoxel 12 10 0 0.964706 0.537255 0.0509804 1
putvoxel 12 11 0 0.964706 0.537255 0.0509804 1
putvoxel 12 12 0 0.964706 0.537255 0.0509804 1
putvoxel 12 13 0 0.964706 0.537255 0.0509804 1
putvoxel 12 14 0 0 0 0 1
putvoxel 12 15 0 0 0 0 1
putvoxel 12 16 0 0.541176 0.886275 0.203922 1
putvoxel 12 17 0 0.541176 0.886275 0.203922 1
putvoxel 12 18 0 0.541176 0.886275 0.203922 1
putvoxel 12 19 0 0 0 0 1
putvoxel 13 6 0 0 0 0 1
putvoxel 13 7 0 0.964706 0.537255 0.0509804 1
putvoxel 13 8 0 0.964706 0.537255 0.0509804 1
putvoxel 13 9 0 0 0 0 1
putvoxel 13 10 0 0.964706 0.537255 0.0509804 1
putvoxel 13 11 0 0.964706 0.537255 0.0509804 1
putvoxel 13 12 0 0.964706 0.537255 0.0509804 1
putvoxel 13 13 0 0 0 0 1
putvoxel 13 15 0 0 0 0 1
putvoxel 13 16 0 0.541176 0.886275 0.203922 1
putvoxel 13 17 0 0.541176 0.886275 0.203922 1
putvoxel 13 18 0 0.541176 0.886275 0.203922 1
putvoxel 13 19 0 0 0 0 1
putvoxel 14 5 0 0 0 0 1
putvoxel 14 6 0 0.964706 0.537255 0.0509804 1
putvoxel 14 7 0 0.964706 0.537255 0.0509804 1
putvoxel 14 8 0 0.964706 0.537255 0.0509804 1
putvoxel 14 9 0 0.964706 0.537255 0.0509804 1
putvoxel 14 10 0 0.964706 0.537255 0.0509804 1
putvoxel 14 11 0 0.964706 0.537255 0.0509804 1
putvoxel 14 12 0 0.964706 0.537255 0.0509804 1
putvoxel 14 13 0 0 0 0 1
putvoxel 14 15 0 0 0 0 1
putvoxel 14 16 0 0.541176 0.886275 0.203922 1
putvoxel 14 17 0 0.541176 0.886275 0.203922 1
putvoxel 14 18 0 0.541176 0.886275 0.203922 1
putvoxel 14 19 0 0 0 0 1
putvoxel 15 4 0 0 0 0 1
putvoxel 15 5 0 0.964706 0.537255 0.0509804 1
putvoxel 15 6 0 0.964706 0.537255 0.0509804 1
putvoxel 15 7 0 0.964706 0.537255 0.0509804 1
putvoxel 15 8 0 0.964706 0.537255 0.0509804 1
putvoxel 15 9 0 0.964706 0.537255 0.0509804 1
putvoxel 15 10 0 0.964706 0.537255 0.0509804 1
putvoxel 15 11 0 0.964706 0.537255 0.0509804 1
putvoxel 15 12 0 0 0 0 1
putvoxel 15 16 0 0 0 0 1
putvoxel 15 17 0 0.541176 0.886275 0.203922 1
putvoxel 15 18 0 0.541176 0.886275 0.203922 1
putvoxel 15 19 0 0 0 0 1
putvoxel 16 5 0 0 0 0 1
putvoxel 16 6 0 0 0 0 1
putvoxel 16 7 0 0.964706 0.537255 0.0509804 1
putvoxel 16 8 0 0.964706 0.537255 0.0509804 1
putvoxel 16 9 0 0.964706 0.537255 0.0509804 1
putvoxel 16 10 0 0.964706 0.537255 0.0509804 1
putvoxel 16 11 0 0 0 0 1
putvoxel 16 17 0 0 0 0 1
putvoxel 16 18 0 0 0 0 1
putvoxel 17 7 0 0 0 0 1
putvoxel 17 8 0 0 0 0 1
putvoxel 17 9 0 0 0 0 1
putvoxel 17 10 0 0 0 0 1
